201
1470 16
23366 80351 14903 65082 11762 88669 95132 40701 76277 12250 50506 58597 42391 55394 25241 91232
1549 11
52239 47431 78457 39536 92602 36648 5245 52007 61854 98461 25013
2376 19
20487 88182 5633 12138 54962 15707 24430 91467 75624 98333 10170 52992 49492 42899 37443 93898 23742 77479 1632
3216 11
81216 74598 74588 70762 20333 21563 14944 79179 9436 72361 66583
3340 18
89643 82696 96673 54815 23964 77225 8177 76201 37866 7453 31484 66710 34884 64382 45755 46621 33191 1489
5183 16
77213 16578 45499 15272 12674 87588 30363 40603 98307 96415 67503 34946 4666 58191 1046 15475
6937 20
47247 36164 80846 97743 63659 60107 85692 33859 15426 26012 90470 96138 2814 64550 20272 89923 62652 62072 44769 6552
7571 18
47873 32320 86307 14748 78861 84042 77627 14527 25497 46106 50211 20278 38860 94825 35514 92146 98311 81760
9286 19
26395 50225 86477 26962 87900 66849 44411 43336 11219 12145 5441 4490 4073 27276 33249 91755 61292 78822 99937
0 3
94192 88544 94356
1 2
81515 36109
2 4
16023 35387 7100 96619
3 12
6008 49233 54205 93556 4982 75988 68679 73436 23414 92770 19769 28715
4 12
89089 50423 75782 24927 84490 7521 88055 39112 7431 3437 14116 16808
5 6
48874 90613 30091 70553 47081 98759
6 2
47182 78614
7 2
40419 22656
8 2
26670 16557
9 19
83907 31528 35949 67053 38744 75171 90178 23584 64402 83380 95375 21205 15538 73654 51373 91115 18888 32264 72742
10 2
2967 36199
11 2
29132 74826
12 7
14869 79461 19620 23189 45929 20226 42296
13 5
19001 34910 80593 33975 65060
14 2
57106 92796
15 1
1051
16 2
45060 59477
17 4
96442 45853 16957 29228
18 2
52395 75224
19 2
57153 2596
20 18
79689 45286 88220 54544 82710 37314 92494 17453 60514 83263 6642 46404 70902 21904 54112 68344 99671 56269
21 4
26628 12190 35891 47189
22 2
52246 72092
23 1
33589
24 5
51615 264 79114 1864 17724
25 4
69060 16523 31263 8959
26 11
18513 31193 57812 28825 89591 36834 79353 55793 38644 21296 33647
27 1
6037
28 2
78067 90587
29 2
93750 80532
30 5
8490 60328 2933 77688 18368
31 1
22987
32 10
20014 93731 50751 34352 90270 97929 80734 41228 60474 38606
33 2
34019 68835
34 4
89682 58167 34868 54026
35 10
23008 39949 14697 17816 52920 38402 34846 16035 45746 7718
36 4
77963 59274 73880 99914
37 2
87774 75287
38 9
42521 61902 734 96167 97654 40183 21768 45134 92416
39 2
80241 70955
40 1
80961
41 6
96798 86914 23935 3373 94664 14650
42 1
89954
43 1
84667
44 2
41077 68663
45 3
58149 75469 5047
46 2
17495 60840
47 2
40678 56843
48 2
23765 22992
49 2
40180 88974
50 2
29395 10110
51 2
86536 44207
52 3
78912 81132 82886
53 11
19871 45897 2478 60488 1061 70968 67042 56156 61098 42293 27198
54 1
67037
55 3
52714 37240 34149
56 4
73146 1975 10723 98966
57 4
8238 28989 8335 51330
58 1
73007
59 10
31042 26167 11293 25403 92948 50747 87610 31352 31296 67259
60 7
56812 8637 72477 17013 46319 40806 70657
61 3
26401 83635 10448
62 2
32276 19676
63 3
23223 25008 55968
64 2
11463 13012
65 4
38890 4722 18896 38511
66 2
77667 54391
67 1
97380
68 13
57548 62543 66584 85163 31459 33438 79229 10197 35280 5298 73468 8566 94481
69 1
61389
70 2
23731 26928
71 5
70663 85486 74881 6349 48167
72 2
78903 86298
73 1
82289
74 1
1629
75 1
72551
76 17
19617 36898 1634 71229 77142 98446 66622 54818 42055 21821 7302 95928 67143 99304 91509 81635 46769
77 2
79616 73982
78 1
17734
79 8
5547 40712 20294 15601 95827 81522 68010 9743
80 1
5458
81 1
40496
82 1
80234
83 1
28287
84 2
82737 41018
85 2
19037 6616
86 1
36423
87 13
98751 71808 5534 2467 57561 34907 27257 41079 50480 21592 85988 78681 50554
88 3
92257 9925 71517
89 16
19252 28626 72941 88628 18455 29904 82939 70486 32438 5836 72340 39105 43448 98228 74429 75415
90 1
47964
91 3
38927 64959 70086
92 1
73669
93 1
84902
94 1
77339
95 10
8874 7894 73754 40182 12691 18287 19764 39472 56045 60413
96 2
70781 75670
97 1
89792
98 2
26827 12862
99 1
89918
100 1
36106
101 2
20446 18985
102 1
52354
103 1
37898
104 1
25835
105 6
51447 78249 52938 48768 94910 26600
106 1
13369
107 1
79550
108 1
8220
109 4
36017 36814 78690 44771
110 4
18543 58343 60416 12100
111 3
70445 1692 38153
112 1
63369
113 1
30326
114 9
8251 83346 32683 55582 14111 29038 59624 88823 14525
115 1
76397
116 1
17924
117 1
77801
118 1
38829
119 1
59319
120 1
49199
121 1
19182
122 6
89613 22078 37843 98090 47800 78834
123 1
20738
124 1
24621
125 19
45043 98081 5506 11494 35507 36357 656 33912 24320 13083 24555 42699 11431 52647 25834 38475 27867 61022 17310
126 1
26235
127 1
10965
128 3
64844 24791 70280
129 1
38127
130 1
18406
131 1
39690
132 1
56716
133 2
55070 91673
134 1
64887
135 1
5639
136 4
59229 89139 44802 13761
137 2
98310 57414
138 1
38349
139 1
54397
140 1
81310
141 1
61373
142 1
27708
143 1
13638
144 1
17601
145 1
91336
146 1
93095
147 1
85475
148 1
74244
149 1
13717
150 1
96450
151 4
32877 4080 7135 71319
152 1
42955
153 1
14383
154 1
70841
155 4
93499 9061 40826 78110
156 1
13469
157 1
93822
158 1
59124
159 1
77305
160 1
91727
161 1
45777
162 1
63258
163 1
99041
164 1
72856
165 1
70232
166 1
87242
167 1
91886
168 1
20639
169 6
24116 11989 89528 16510 69006 82712
170 1
74964
171 8
1041 76712 14190 96439 98551 83172 6770 28062
172 5
9363 30433 78037 27524 31032
173 1
42684
174 1
69983
175 1
91350
176 1
85538
177 1
56212
178 1
30541
179 1
21760
180 1
22770
181 1
88702
182 1
23714
183 1
11397
184 2
33542 80850
185 1
23886
186 1
20557
187 1
20996
188 1
85832
189 1
88865
190 1
74195
191 1
51104
