48
543 83
27483 42390 31796 74405 53273 76598 78396 86194 96765 86106 25787 94869 61871 13407 65598 28654 64333 41991 86666 88955 89146 14231 44063 64296 49790 38908 71044 7484 6504 11025 39501 73725 15994 71366 97167 41289 20723 78849 67358 67616 79101 62895 29010 38055 49937 22633 10780 85452 29869 15418 50603 19175 32046 98912 76558 26245 14341 18836 43535 89347 14828 36876 96285 91282 10591 96475 22171 31587 12827 55125 68320 92396 74965 39656 80056 81715 4261 18193 95076 55936 69160 92690 1263
430 37
33726 94496 59146 16660 89682 85302 75544 27683 55610 13406 76393 97042 45718 41818 31546 9829 53386 74663 25784 92706 30335 1133 61177 29227 90790 76728 10667 47847 93732 1718 2166 44855 57947 76559 58204 68122 85498
12 187
98295 43202 68806 96092 29785 35398 59710 46326 13317 45358 24411 37143 93190 91612 65567 55531 72475 55510 25312 16569 96508 25170 22798 3893 12653 94042 50634 58245 29943 29552 27344 68736 20543 59281 53885 49524 22382 75669 9369 42730 27406 2637 60974 35270 76646 59751 60041 88178 60605 1400 54303 15632 86664 8238 52983 7790 44570 96136 83841 85490 82594 64977 99070 21700 32724 50948 34953 59422 17505 67208 52216 18501 20919 857 46482 74040 78329 39015 35323 66663 19602 22637 94665 78145 29237 12610 78925 85531 18702 81461 4059 51197 4160 56179 80151 18965 42185 11935 53167 26002 92619 42154 80052 33262 2587 13735 45311 18915 13553 11491 80094 1596 78719 35850 14563 88541 23190 49147 90696 86086 6677 21825 36347 57757 57330 35272 64071 86755 26929 24226 79519 28214 49299 18198 5726 38846 97984 30975 27526 55238 93791 74175 74517 68926 84403 87783 74676 3859 11075 70102 9445 59674 7028 625 1724 68392 71154 27699 61394 98949 80567 29509 70593 64181 19969 75630 25758 71678 21089 57660 2348 9386 45566 92989 4567 84620 93630 67804 65915 67554 38627 2045 50737 10428 60052 48717 99814
795 186
71501 65336 74924 88554 58891 57108 62384 2670 79700 9484 61691 11966 84819 17562 28182 73411 63482 56815 84632 51167 80062 79994 6387 76749 88735 39358 95890 88302 50215 64091 67316 86166 41672 79276 12781 92422 92089 8276 15189 63119 59691 7945 71213 42465 10111 69222 70659 58439 21837 72574 95542 47909 49096 65765 88090 31217 79231 81533 30247 95367 13550 88279 32423 29049 66551 42937 10839 48052 66726 61740 98417 27064 8841 94193 20372 48561 83738 81177 68202 34412 63164 65032 28508 73085 61775 97065 2029 71194 77682 2787 49762 21511 58803 48146 36611 97354 37088 1963 44270 75056 23504 65033 283 53951 86942 26201 40279 69551 46409 22502 74041 61778 65545 6093 97678 72320 68579 14436 10573 33996 90233 64342 46629 99518 61202 62444 65329 10677 72723 91086 90660 18734 2100 65160 92727 28031 15221 42324 80773 89158 33985 42750 74826 8423 20742 21576 21762 22216 3618 18894 22050 4507 99635 94311 84741 2655 41560 22550 18620 40161 74577 62079 97606 24281 9511 38951 8011 58373 33885 22063 69012 88060 95032 40046 12724 91971 53903 18421 97923 86958 74304 33071 96078 43366 81599 75617
824 180
38973 17177 54886 63550 10021 39164 86788 13338 30359 37151 73444 8115 84686 64657 7426 83558 36754 7631 76954 76131 70021 14689 62184 67923 17685 21631 87898 58133 81442 72032 84357 21022 18857 73642 4557 63087 11876 273 51963 22795 10812 95358 30952 33130 53911 47317 29501 99038 52149 24110 26037 86377 33813 89711 94531 99015 32498 55735 52673 76924 72715 40085 73791 87049 29591 95041 43156 47308 83076 84731 41725 65109 59022 35130 72048 67335 30614 36801 75193 3870 82993 62981 58890 32438 16835 47176 34133 73901 26764 94730 93796 29148 51698 4354 58146 78540 66728 86506 83829 11366 72670 69593 55109 68423 59064 42157 21475 24750 92413 68955 80340 61452 34551 27470 26630 67000 67751 68212 8181 23440 81490 22791 66924 56706 83729 40979 10436 48628 36208 12755 12801 38691 57187 32297 63617 33853 68208 94199 45683 42864 77725 60690 76505 19274 76010 46762 30657 49095 50933 35722 25882 73226 90188 92216 15454 80819 55994 91182 97479 78582 81385 46781 37105 9298 88152 9654 65742 61644 74598 26321 72054 61271 21991 96297 88483 35715 97246 69966 376 11565
908 77
36492 43864 44333 64442 24113 86592 2936 92776 17629 2107 9639 15738 51086 29830 21270 76555 20556 51900 25916 54942 97152 99858 56014 37916 82461 49771 78861 21749 44837 23061 25322 84117 64505 94614 82325 96699 7654 77971 91935 43856 23462 72881 37696 19505 6427 1176 50312 77079 68584 31687 81266 51244 26266 83970 89561 24470 39394 16636 75705 91011 73879 8955 72336 96864 75969 84226 82573 37149 95715 91290 53246 58403 42444 18232 48303 22029 69580
68 173
6157 65412 99864 88996 66401 82017 73075 87322 37454 85733 87305 10911 54129 51079 64096 45423 20704 86964 56178 41274 60942 58089 78965 48062 47138 1460 99258 7956 36660 20876 80820 82028 87745 42674 65152 96527 12297 51823 29705 95515 17453 50607 49959 69123 40475 14734 83653 65354 10809 51991 10140 40975 77720 16687 70751 78817 87769 10910 22719 40365 74054 68452 49758 20449 41643 23551 14164 36133 74305 58238 24354 34931 72974 89329 93913 32778 48620 7660 60691 80643 97920 56261 17325 71385 17811 453 15675 39462 52733 93740 69379 46378 30350 75065 97080 35808 79361 43984 64651 22738 77646 64400 87080 80930 95297 75945 61342 38369 34138 70544 82576 59771 74518 30096 61085 317 57713 81601 83339 61073 51723 28437 35184 23846 61947 81554 90615 76369 98705 19164 33873 85078 76455 76276 67928 58990 33521 66237 2264 270 56786 34449 64707 13247 70038 61444 27011 56818 99669 24773 66939 82588 84525 12383 61209 26632 49854 22541 36829 56930 13504 28271 29673 80618 60684 33289 86287 96225 29873 86705 81366 23779 97855
375 170
42645 54892 60622 34983 51049 90206 96782 24015 9443 51683 71260 69091 82701 66512 31643 36486 60481 49866 6476 41283 41475 60335 35349 30808 85050 76490 23737 39863 19517 51330 94951 40807 63102 67097 48545 71728 87652 90886 58506 92137 87182 35713 80693 95841 70138 87012 4859 53926 46463 32026 85489 63642 45436 42183 85583 91627 23163 62385 63002 77060 59520 73740 5148 16575 92134 89381 10802 32584 15347 45391 97423 38547 9613 99413 41921 53944 63205 82476 41316 33299 57016 41708 3593 89065 80649 29654 85793 83213 52759 63493 95081 91638 23285 31301 92643 8759 36412 92169 2394 37116 39617 61138 57547 46572 87332 83626 30382 71862 17802 49392 85053 61642 60594 90652 49852 55022 95846 31932 35977 45274 69981 18101 41423 10628 79235 50490 70326 52829 92048 90482 51141 86678 73745 99631 27555 27190 57488 39958 29645 61190 51754 96008 9736 31952 60592 88452 72212 65795 76051 26166 31868 77733 25078 17646 96570 41511 67435 73441 38354 5640 56651 8078 92545 21101 3195 48428 34175 4904 69601 35890
462 168
15550 91293 44679 87866 62206 47390 27680 11111 1667 27836 7026 39943 78993 94549 82331 95436 27792 76271 46139 92459 55538 54707 40648 91730 73405 78011 97675 10648 54347 37175 47294 55977 38156 68060 60194 36515 43797 43838 34605 17921 62545 25733 33978 62816 92540 63342 30983 3046 67698 11320 29799 54044 89144 58689 7724 85201 15115 80307 32139 76574 51280 94470 25290 91336 56257 42589 57190 79527 29513 49545 43470 24229 31317 34019 54449 97540 72263 17185 88873 72441 34005 23348 40537 29414 94267 73935 61418 60389 43552 34772 15414 45343 29052 21123 27973 94731 6229 30036 26395 30601 37257 48130 96331 81932 81733 80481 94740 59817 16150 60277 4576 80131 40523 57078 29614 60588 72766 56650 70557 69398 86374 87118 76740 48900 50314 68411 16669 91767 34023 50832 38636 28859 31950 96326 87170 1095 98975 51762 75458 28673 64990 79470 75296 87360 73872 67975 47789 19656 73346 43270 96359 53299 37210 64793 22284 68984 21301 32186 9092 44696 24307 38195 4219 85152 94690 83077 28956 32280
568 129
35409 98414 97610 79412 1524 7774 36874 95876 90409 61333 6420 38232 93810 32086 40920 10023 88934 49341 52745 17404 7757 72491 31756 83973 68724 76206 9262 32639 71193 19923 83392 32627 75002 61147 85901 34716 34475 88904 42766 41246 36834 24245 4509 33423 91246 1638 54298 38286 20340 30237 40422 33281 6511 22824 38201 44559 95414 32556 42308 68272 7294 11520 81342 55430 48706 57944 85079 73568 63681 70813 46199 68783 42510 39875 22882 33195 28878 38379 37738 33843 6562 74937 48960 55613 19073 7701 95197 93949 26911 75152 97125 53934 16727 44310 54350 58871 12639 59814 74626 37130 42121 49275 34149 1866 5804 99373 89382 17579 89754 75346 12911 75069 67285 8491 2802 52190 49028 74028 2728 29583 89901 83977 65424 6057 20369 55677 32835 64267 78394
646 122
60058 20711 67007 641 22316 74908 39019 50589 92735 24792 66709 45670 59708 7394 82592 12890 98002 60855 81286 1407 10096 28049 27609 80272 32719 76264 12628 13035 97848 75417 34625 91218 76420 40463 66155 11317 61743 38364 36826 58365 92687 57851 17100 28954 98695 35458 86409 33319 29372 44340 31511 37628 83452 81198 27919 57552 71288 42180 70039 37325 20877 28553 13724 78505 66047 49584 57846 51365 46000 92508 88614 32558 65437 38525 82024 61684 28902 6574 36116 14722 24054 97071 15466 38264 48646 54753 51010 68158 24306 89003 24966 36671 84753 12299 57857 63609 74248 98209 2096 97532 80610 65095 95276 23373 80683 49130 54641 16323 59364 59750 78318 65688 32649 8515 10211 83064 18272 84156 97693 69873 36642 72951
798 161
99636 95408 65036 19019 91123 76287 40411 34933 22455 10063 98943 59333 42988 80751 6076 50717 57900 81187 18116 11997 8629 9467 40336 18581 21938 46776 48634 95470 19398 96244 2477 55794 94967 79226 74457 24967 11457 12095 94336 99169 17236 12705 41873 66313 6077 98805 11831 19654 31595 58109 88801 90773 10764 66580 39323 67722 14761 89395 85800 96131 21229 81528 99529 28020 29189 47590 76376 48598 88712 38611 97026 84118 61109 87787 20770 92008 35537 78827 24014 9483 38599 92894 68033 69192 3312 57844 37524 43952 45845 60370 93392 43219 89090 63885 57402 5724 96829 33982 341 30830 80551 23173 21701 9423 68145 1599 28505 16096 36835 26786 78878 65479 15903 42940 83628 10218 97122 66178 85559 7035 42295 82170 79464 82597 71457 20466 10044 34159 37412 40857 11453 33594 6000 45230 75229 76666 42167 776 98653 2207 19852 9091 30895 38803 50440 15769 53670 82166 1883 28558 2491 55435 58428 37581 83979 99707 98229 23419 89817 22802 96719
980 60
1399 43657 13155 32655 82474 53267 29496 10819 36275 94783 91349 47728 82812 99924 14930 67967 71793 16702 18325 46978 887 50495 45759 58535 84155 75186 71877 58329 15751 40376 77815 10141 40701 26801 2387 17168 17363 95502 71878 57740 48948 9616 34286 11700 1369 4930 77096 29527 98145 53617 45624 52264 22395 8674 46215 92563 12321 9802 65076 34031
380 155
42797 69831 4631 93871 11226 7703 36613 37777 828 80016 29901 7879 87323 99832 63376 61705 34847 84822 71134 28922 75844 93868 43586 29698 10011 96401 45802 47004 69400 67622 29888 21959 45748 35886 96434 88506 84197 90381 72474 54334 48795 24863 48789 78108 32895 85527 45824 55558 85135 58748 83438 97118 80564 90531 86527 53644 10756 26402 63972 69701 93553 27513 63982 78070 94073 59595 61561 39159 54127 95183 21774 4716 55693 17370 57522 23029 77147 10944 17131 21871 46712 26944 99661 61105 65170 6210 91929 17621 32690 42597 86230 92533 12575 21902 64485 43344 96888 78636 53836 86353 7657 48957 65013 69242 93708 51789 79984 8813 45593 64061 94122 35708 32704 503 25851 16532 93657 56337 66019 93370 30311 53721 30887 8754 34679 36828 67528 41842 13595 22756 42005 64023 2671 33883 79560 48416 7298 73035 31086 46926 83059 48065 91792 24590 80297 83052 83671 84276 14143 71948 23157 76267 46245 1099 24450
392 65
60255 47195 34852 14915 93453 48140 68520 93698 41505 82163 64351 13640 22784 93104 60181 21424 39454 58132 19312 87337 96931 14335 94023 74731 25968 32100 93064 78454 94430 21381 45535 3024 8944 42720 54558 2132 84277 74351 27193 20892 9310 21147 80190 46945 91348 29226 92584 59307 40178 12747 94955 16573 21836 63590 13356 45714 24618 10974 62382 33817 43180 13436 49788 97394 31904
500 132
58948 31590 13870 91042 74716 51705 27108 99324 53252 9982 59966 81776 36951 9422 76856 80607 88512 71621 15377 58000 39748 35231 23295 43548 18300 87717 16668 33097 13697 49352 76222 69984 90284 54072 79225 3106 37833 42468 89557 46180 15357 99284 64971 47595 25977 89437 95682 63722 38686 33453 41149 67299 63458 84071 62771 37575 64458 66955 92374 56698 70396 32101 94072 4974 14412 91920 60121 42881 45344 65585 52866 35170 35072 22537 55963 99102 58632 80828 32942 12482 15897 97755 82084 93372 64095 87681 42397 79124 31195 71696 24790 15671 45734 18948 42179 83415 14992 63930 39142 39647 49124 13141 44111 93829 89028 55830 65638 70095 49797 75038 54831 37808 88078 66352 18092 70279 38184 30504 91203 6175 78230 76798 61461 85232 36793 63275 44061 3465 11991 15913 75231 68680
509 146
6419 84440 23125 87330 89995 94058 14297 16036 9305 71375 79021 4105 35996 53314 27982 65949 98993 87705 75847 45134 23756 61470 86921 61590 34567 45635 80408 70941 8967 60901 66560 94265 88534 25680 97429 70239 26391 31556 57993 4861 28000 37959 81552 10632 48377 29334 60284 13289 28385 58551 77792 27815 93497 62979 81516 33614 34823 25747 52781 76196 69739 37918 46354 43077 98987 48742 81518 86337 40651 48554 86347 92782 1543 15908 68354 36302 81084 34505 31019 87188 71160 75190 47484 92195 32421 91207 6540 20913 67695 65 58650 3250 5987 31206 19855 4434 22038 38841 5382 32383 13851 96065 66052 56721 1971 3321 38856 28217 53026 22535 72005 28810 61573 74858 64497 82782 86499 10394 90890 79914 65779 64185 83826 75029 41356 14526 43091 3932 94475 42831 20163 93838 33404 92597 33632 20554 32759 6172 11462 62436 74824 30007 17240 64614 89025 22857
586 144
78384 27077 94656 37804 86362 92468 66172 91631 92264 78072 20565 10715 75561 89117 54094 50102 31801 31041 58706 6614 59648 96574 49647 94796 54262 65786 1177 58364 48199 57737 66086 20347 57696 44825 60068 10619 71762 87880 19864 53333 27023 62784 95446 2369 82086 49077 94370 60827 69024 41291 75716 5253 6510 36837 32302 2077 63139 54486 39366 1201 98901 39246 67236 8176 85357 51613 20804 62181 57895 73389 91719 64580 68237 723 15154 60930 67799 87054 92593 52918 76400 86858 2072 97199 63985 73578 45991 95826 40125 41300 94878 59499 47748 73676 30230 18546 78473 8815 75701 85934 86383 55739 66259 40753 80832 77250 51853 86814 62207 13812 14052 19587 57319 34575 7852 41860 71951 79902 64100 66187 30125 36669 94877 32225 65260 52948 42158 37371 12362 74342 98764 37529 90682 43728 43649 70008 8434 66627 95422 67624 88702 94144 35475 72317
652 141
39304 86761 61040 7458 10378 56446 70156 63684 98545 11282 57728 26242 70529 39578 56593 95683 49669 89455 12923 64045 39828 40063 65711 35373 46085 39382 65079 82324 71381 3329 94041 89937 16606 56172 4713 54829 57924 43689 61722 90924 42573 49335 25237 55229 94138 48850 62388 9388 70895 12738 27556 11018 7824 82690 34002 403 30723 42492 99290 92920 87057 3983 71079 34574 82237 39610 33205 23012 75165 59744 70983 88849 37766 3198 57427 73809 39977 57767 22179 9076 29891 77819 7645 17613 61640 5796 81321 1861 42334 46258 17691 63813 61880 6632 28985 16772 17615 96192 94772 86801 86180 79303 49696 56523 55705 13385 6267 97825 9115 13651 9133 96349 67041 73104 47604 63540 15854 80332 91363 2277 1449 46774 76947 89570 66610 18326 75148 61584 52319 73837 25293 91928 66311 48075 25324 45527 9544 45191 4750 65454 21215
735 135
11895 89328 15540 11704 10286 677 34982 54484 81076 18504 73065 14774 90744 50267 61321 4610 20564 94278 32781 20249 76389 2536 98942 35887 76002 66864 6492 61340 91832 61874 76021 63313 4492 41362 62529 71215 5787 89648 16893 93305 52870 40236 45074 48792 24585 42918 43154 92243 48143 48366 65089 76136 53244 89364 93118 88480 36934 61744 33147 28836 52776 23168 41306 39188 17745 66061 94626 78181 71681 35053 13075 72801 94069 49932 80769 91733 99396 89252 91573 53623 76111 48350 13240 97686 14609 18732 15528 80604 21052 69323 38557 45008 97405 17041 45754 95767 76897 6892 19396 28628 82200 46039 2058 41479 29968 54 50138 1709 49665 38100 20571 76446 57698 10126 98086 35128 25026 64258 18781 16173 54851 71553 94071 89534 25149 78986 99241 9379 21600 99443 16939 10579 96274 22077 75200
15 52
74080 4021 72969 9016 17290 17303 44833 26991 41329 62894 12479 99087 70169 18515 10501 26268 90172 13566 23511 94771 5588 11840 76142 80815 2377 26406 75048 60533 52785 87654 66024 23109 21800 72094 38930 37098 93042 89491 64708 71984 98349 95922 73713 57642 21254 60303 79324 62347 14554 65137 96024 53039
22 121
370 24274 8935 68571 35839 34708 5177 81449 19692 8244 18334 37469 46489 74666 19783 6444 26285 32896 360 84526 41401 58985 82379 2614 52109 13921 81887 17045 78334 17725 65172 11911 24327 79285 4845 64311 1169 69086 87451 20530 57278 52102 1484 21534 70480 417 90851 45766 9421 37057 41357 83009 71199 29352 48274 48809 62209 41665 74413 10324 70369 58856 21519 46282 62534 94890 62067 13093 74946 32324 75309 76862 66770 45388 33590 2874 62558 17046 64848 4875 74255 59198 77440 4451 41832 92131 78551 30102 64179 16079 94922 63081 3559 41181 43224 11794 45557 13342 26441 83146 47402 73501 82853 34768 25318 6148 10217 33659 69492 70312 5136 80678 72503 47615 66547 40567 61032 30068 41473 65870 72845
117 119
69420 71817 31631 23999 68568 15575 45638 811 70289 60019 57563 78983 70655 75284 21682 76347 28564 1710 92713 2228 88808 87297 5837 42580 94172 16381 57429 54018 66207 46635 55888 33190 36400 84256 37103 25419 32635 69571 76611 59098 56841 92400 52219 84121 46994 53781 37806 63988 26811 34466 61940 64132 3219 60353 81560 59034 66654 81763 27140 60279 4529 37566 20499 1280 51364 80914 60613 46869 64389 6180 49710 1622 85919 76154 3040 29064 89324 59254 37902 92002 88034 21337 47444 97130 41509 87863 39508 6973 58066 5675 55643 15604 90691 68947 4502 54872 33891 88255 79393 25086 81938 59240 29311 37733 59897 31777 13286 65873 56058 1658 23459 26631 55708 46704 18890 79053 99904 63703 47877
227 110
27332 48412 82496 58772 25471 65470 19734 42329 86276 81491 94338 8427 28521 17296 99583 10691 85770 68570 12470 51265 56821 3500 83014 92768 23174 76450 16841 26035 53346 10887 88748 76576 18614 11762 63420 83257 42016 13967 66849 99908 84547 39756 70685 13223 22514 59358 77263 58633 1933 79298 17721 70190 67008 24020 45819 18758 37966 52560 9192 53605 69328 72693 19851 15112 88608 97733 67507 21751 18699 47396 35967 84370 14242 86187 48837 2824 90470 22630 99374 34010 82183 88361 40552 39532 60536 57084 36465 63842 30881 58610 80361 32219 16667 12093 33623 41987 83349 93992 57566 47947 35234 67177 15794 37896 43084 63377 80065 45226 97557 56449
238 103
90028 67354 73877 32338 47996 14403 61995 6603 16609 49386 27494 37665 86564 59263 5746 32494 45339 2714 42961 77324 9846 47192 62298 61443 68550 65042 15796 24364 64710 97530 54352 4633 31759 3799 73593 9312 59812 37036 44006 21132 17419 13329 43642 34091 43136 97201 42607 68832 37884 85211 20669 47794 36395 34893 96627 99961 15403 21281 97170 42605 63526 59623 27489 38594 35426 195 86525 36857 28728 81640 11582 29922 6567 93083 34843 43830 73681 94870 70129 54184 3894 28556 3353 71656 95006 46104 765 50958 621 49795 45769 10214 5700 35018 54565 49287 88087 28423 55480 15447 45329 6518 81648
241 102
22941 35347 72093 3902 77945 42981 9809 32777 60886 10918 96750 79135 29335 4621 83740 83202 31867 66120 28158 683 4480 32632 83956 35942 89836 72794 74719 29651 64217 93785 50079 86853 65211 35317 22172 92527 86505 51537 21240 91814 91111 60911 82989 32443 71009 85177 32347 59714 75837 57499 88316 49632 98438 98140 38429 33612 16136 27150 79946 47675 37122 99053 91830 25483 93707 80296 88641 11076 22072 47178 68675 49216 39584 89239 14429 15886 99989 88305 62022 46779 65812 6948 20137 65535 76735 78340 36742 94723 14032 66498 42150 85458 65304 87911 24098 70858 27138 85303 93142 75207 72654 35007
294 96
11962 88670 64489 28987 41945 29804 33213 53137 93697 88113 36696 79658 56478 41612 71153 96197 1490 56970 87306 15802 18196 2222 94991 71505 87257 90620 7063 73624 75854 96444 27577 19146 96023 86818 48894 84434 55654 62813 87545 11396 3434 71224 93826 95161 84154 29482 39141 96060 62016 61217 20039 9451 29525 40320 11585 46802 55451 39306 10421 20092 36605 7111 39055 60122 76562 67478 30322 97951 10803 51196 69908 89653 34522 38613 79634 45394 32650 43 19262 90798 44497 41376 51861 796 86717 56716 90925 84482 10155 68921 21981 47083 38573 36229 56265 43829
487 90
3662 35143 38590 42993 51565 37171 86623 95379 54841 78192 98693 59405 89748 26350 38555 8655 59931 56991 84636 50448 81774 4212 32342 63402 88438 42086 60514 74882 57920 32071 79998 77762 82931 6866 30260 49922 16188 57434 74648 53807 81332 98564 8600 2011 41086 9720 92588 44419 16342 2848 26997 95835 48691 91552 89247 18622 10451 58958 7318 88683 3296 23627 2511 60384 22584 79701 67303 59579 68702 99175 85600 73179 6537 11195 42518 47497 95873 56459 38221 33402 62201 69069 53977 49516 91276 63923 88250 19114 72965 4303
491 89
31676 45573 73388 58208 28373 17670 95707 5477 78195 60115 1486 67096 34459 25964 64742 40986 63771 80378 81702 70550 93252 4517 96995 9973 6302 51818 14524 53332 37416 69664 86552 92337 87879 78393 6393 25581 16952 69842 6424 58006 4916 97355 88013 88468 23233 19418 78855 26770 10727 80392 70214 90181 90433 95776 72405 72041 53803 68467 382 73111 97976 39783 98883 52510 94944 26600 67739 67394 48942 43958 856 93795 52489 72466 15783 559 53679 7826 98397 27957 58296 19229 39084 83900 3636 79921 50942 16954 54656
503 85
56830 37681 30100 8287 74531 65341 7746 11901 10288 64392 17367 59610 19822 33970 77393 19105 79795 20428 75331 39290 63827 97461 83171 9129 58547 41111 52361 76452 20671 87200 20286 65637 58583 45984 39038 10801 83078 17388 66802 59801 31114 27553 79919 91811 22895 60805 12199 93948 68540 92407 46658 23339 29578 65713 90329 5980 38102 18125 43696 4569 58001 96156 14943 8333 72410 91759 741 55710 74155 73737 920 48724 9035 5083 51206 48658 55278 15844 33481 40441 95976 34912 82155 28041 19444
524 79
73758 1395 65937 99787 86254 62710 5714 91657 11117 79188 1661 13298 49579 99888 11057 26317 25792 26348 57744 53518 18028 83818 66705 88817 29325 30934 34502 12493 63962 74083 28421 2177 20726 31989 27465 87540 70119 74249 30834 95909 13671 41837 35216 45886 93116 66915 54363 11841 6921 89540 24117 7126 42747 13501 36372 81450 97932 10454 37292 51766 39930 20716 79687 70006 62926 40602 56046 15707 17181 29582 42459 82315 8056 30505 54950 63925 4931 86386 24830
597 78
6887 22373 86330 77254 17965 56977 68501 4330 3157 78840 66970 50573 62578 88906 36811 16054 57907 6145 29447 55601 420 88043 60602 82372 16445 86360 8248 89312 59027 44512 31233 65410 55301 67827 74941 44031 54924 10745 70830 42754 97261 7262 57031 76693 47559 99596 30679 22669 9903 93418 65955 3000 42106 87764 51354 61335 41180 9302 73994 87211 62991 84088 44877 1375 33326 3053 41167 79010 58035 18248 41045 92278 83104 33275 91475 45228 75314 76266
600 77
93375 5569 98323 67832 1859 60758 20198 14304 86357 6730 43172 1063 19927 23843 3081 11430 98077 5688 52736 6069 50817 40626 678 16622 69584 12463 45298 6595 95458 5385 3992 77361 76474 25005 94275 53981 8548 31381 7734 55130 23826 56592 96224 17744 42288 33849 88017 28962 23293 94956 14977 97384 52580 2300 66916 79930 66142 52610 22139 10821 18314 88144 14349 80770 31255 21468 94750 42341 37767 3497 17487 3153 19956 92199 29478 73703 24072
709 76
25835 27030 97625 80261 19849 4988 10325 88170 56549 69324 58402 31415 47752 28900 56003 89828 97878 495 98293 32733 60454 51618 12531 48803 56741 26673 71128 62717 93290 83998 31007 55907 93988 34198 93146 5950 55889 19981 59857 45387 18379 98750 59359 94477 30994 63641 61257 86494 12477 31746 36166 45203 61425 58721 76758 47849 47142 79475 76168 60921 67355 55440 65074 17247 64866 78253 30670 12693 56795 51752 96047 74916 89501 6750 83569 3943
724 71
98148 31479 21595 82611 15659 36675 97674 91341 74317 48488 58843 40722 28263 23268 76840 59381 81581 82391 70560 71477 13533 70228 11858 56645 867 77242 63724 19130 95021 35482 55819 70464 9759 31454 23836 48909 52188 18182 86261 13521 62233 62955 98938 38444 70600 20748 35504 23718 74174 70570 87508 82807 22020 56081 42196 70219 21248 32454 10539 80188 98866 62607 12995 87686 32470 26581 6633 76011 76668 77128 82141
920 69
11460 50500 82447 89612 84315 29644 84095 23645 6341 42571 47337 81257 53748 94917 31305 85663 60722 40498 58660 73036 35101 12745 34531 41825 80077 34676 33344 31088 94609 21322 71825 45680 64845 82741 26595 67168 12399 80113 6340 89622 34889 31430 74039 99836 89616 16902 98625 37779 578 23516 68795 45408 95709 12097 61185 3665 68496 79128 89903 97286 21528 89011 24093 1170 31138 9978 63298 54122 3623
953 59
23556 55487 33393 18302 32316 2295 63103 66755 50507 32206 27148 25435 64010 59445 31786 94979 69271 73962 99485 6391 88708 21445 2984 46865 38132 66247 30327 43896 47330 70272 45774 60267 47408 13634 63293 78158 42198 10207 27913 55789 3456 98126 24500 20394 93990 73458 65213 50895 67713 39262 68494 4147 76296 15714 57355 76374 83780 32539 83137
11 54
45863 89912 9292 55622 94540 9447 14221 16192 74610 54478 30135 65337 50268 68135 77427 53447 34797 65205 39381 33656 39321 51947 62738 12830 95002 91163 55550 42114 43021 93060 95370 86896 22592 57442 66759 95954 76203 99116 2668 89340 94426 33356 42869 3496 31130 88079 71473 73792 60070 65300 4961 96556 4757 671
64 52
49970 22981 6197 32146 37294 83498 29594 15045 3807 69157 89945 6498 44993 60949 43755 65180 97709 54106 32644 532 26542 44055 51518 36601 71433 71509 36572 27633 16227 39658 89686 21782 76 89860 85668 79111 91216 8234 47623 78271 68591 88190 55712 64423 38964 2672 54010 669 66696 15976 13489 36233
89 44
18155 9712 52816 58755 58040 50203 86104 47690 57340 66517 17584 17478 34160 80823 15333 26132 3032 40760 56441 4872 78814 85747 55360 755 19917 6867 27660 7440 67292 22818 14781 95051 65515 93741 88811 77884 29991 55478 34561 62009 45992 15699 15428 54467
99 38
48688 68692 80328 63529 86168 61757 43262 9003 49080 53727 38493 11039 32252 60788 68420 24138 26703 63072 15734 65616 85057 60332 98784 63256 99244 90281 5655 99854 85833 76712 22816 52715 33111 94458 61654 31520 70832 52724
219 30
94988 98272 59431 28567 56424 21786 72580 26550 61756 49199 73900 45425 11441 73545 75843 50855 86603 44525 27979 44957 59779 73653 30294 26686 64429 72864 98439 47755 78172 92888
291 26
16501 34880 91675 85255 71872 78709 98156 18453 23063 55834 40207 4762 65633 73299 26564 48709 69277 26842 59414 93905 12454 38993 79494 62180 35999 17819
352 21
72830 76443 23573 94340 12207 42690 24418 86784 20668 84814 43922 2333 39839 17908 3706 10013 86535 40093 35604 20903 86901
404 14
39892 3951 50525 50221 41377 89643 87361 78616 23695 5913 43582 34176 32612 87934
479 11
6100 72857 38014 21103 68039 75160 66752 5070 46424 82336 14847
507 5
9005 41466 45077 47401 87529
528 2
97793 99960
