9
902 132
8149 13748 29164 87213 14445 90111 38489 23871 70923 94975 92768 98749 93717 59718 85825 46896 37238 51552 4052 43888 86117 71701 98583 68458 81354 61125 78505 27461 56730 54264 31751 14749 56416 73485 36981 3811 4534 37801 77340 57922 76847 17160 12903 17806 52192 66482 13972 48618 87182 31144 5182 35899 83716 70253 75761 41576 10275 25128 79265 93380 428 6545 70182 60198 50306 18179 27100 94930 15413 85610 36153 96904 11272 62331 84203 69310 24269 80646 64604 67349 4347 70110 51833 18116 55007 30408 94323 92185 59016 89929 8094 63077 96815 57970 58347 47824 82552 58916 20371 13680 73451 34600 27742 97034 47137 88518 62530 34225 2586 53111 97556 74615 15912 77831 72922 32768 96356 19056 91978 81098 97489 2684 54319 68042 72108 24082 57129 20324 82857 17348 42492 16174
813 120
87564 5114 4390 13825 79403 14571 7507 51935 81005 26008 7369 77357 71226 16336 14278 30376 86286 55690 25241 91063 43968 22466 38253 76737 2205 46482 83468 55445 58217 30706 2787 67043 73090 33930 82601 53326 51500 23461 97883 45966 51054 28425 21499 59241 116 49413 2018 41133 38678 1143 4649 63132 38821 27587 65302 80671 49424 47105 51665 37618 42767 81276 31491 43618 79153 35406 82897 58688 50270 17092 34022 99065 76313 80120 91117 38378 17536 3026 84083 63882 34014 37502 47851 1565 43863 79279 70009 47760 71923 60090 15396 52354 39606 34692 77321 97892 23061 69885 41834 57375 28097 97831 12585 39116 41729 42135 92434 92945 4509 91659 83479 12150 48176 45138 7782 76769 43479 16 97785 98345
881 109
22152 71563 21852 42104 33867 32545 75763 87004 29751 35700 98561 16638 340 90259 1274 1605 16020 16610 60343 41145 61707 54881 17769 67529 49465 51338 20308 16088 62465 9916 28159 43797 82894 94658 8959 92403 91187 1910 72248 82748 61144 71220 67656 2181 40650 72593 35147 32389 98757 99300 88741 44349 16761 92772 66537 37478 52602 30275 58554 9561 65838 40358 53725 74474 70221 67068 64953 21881 40984 50190 71185 10328 48197 8123 9750 61957 51079 26544 56161 42037 61467 64615 5874 13454 88487 31522 67831 50982 83736 73942 56263 99563 9820 88293 39133 39334 56511 93605 49457 67854 94540 70491 47184 86156 68213 25637 92567 40087 68492
147 99
9532 1430 63835 18438 57065 79267 65988 81130 16157 82326 19216 52313 81638 17391 71295 96232 83647 9958 59768 19805 13991 83985 8215 99936 94892 11388 38471 66250 79729 9242 18040 70314 87297 82083 8622 69758 70126 94300 29926 34490 11614 44375 17842 23082 70500 81069 88424 44387 52114 77929 14759 62695 33171 79978 23390 94854 54791 34244 78410 67471 70278 11435 28605 76788 30117 99508 98666 87565 10836 7870 56321 61023 40515 71180 82215 90446 83856 16047 62301 10832 14182 35958 38149 13083 44987 6821 7383 36594 82723 89058 12108 38305 58436 35929 98710 99966 84331 13757 71257
237 68
78506 11805 30671 6816 86163 51469 32968 20456 42411 96250 17980 48864 34460 96572 72326 44883 58014 32245 64103 17821 45303 90263 25188 11108 93502 89996 49753 77137 92013 6003 83151 5197 236 47477 81300 76106 64643 9451 17263 58971 9516 70469 24383 53013 27583 46721 30765 66417 97377 94837 99679 24450 41266 66432 99729 61538 8994 66371 48646 2245 35855 74527 35663 26426 79834 59951 82558 70867
829 56
61529 16175 43778 50521 51179 87078 66400 17568 4708 28917 65440 14613 76107 13813 21055 38017 85201 74435 52917 82242 22342 61365 24064 66230 96496 97798 21505 55757 24789 88111 16235 6808 91393 33513 88190 77460 15407 58986 16253 65249 64365 48246 42619 62654 82461 29813 88225 95849 13503 65109 19759 96029 59644 39043 60744 496
969 40
92857 46096 68267 87601 25351 91769 57585 56826 38698 76083 77662 13733 74993 19140 18980 81889 86985 81846 56035 74784 17426 36428 76046 28542 1915 42016 73358 74070 7846 7717 92025 67580 32827 69075 25569 40860 78445 53206 51839 97783
24 26
77323 895 66805 39055 12846 57543 34076 20534 34025 60119 87510 86377 928 28364 32070 36165 61430 84085 1428 9672 46792 79894 88833 35240 30555 97659
51 8
25174 54997 4557 91563 7943 58441 99726 43252
